177
234
177
235
177
236
169
164
169
165
169
166
169
167
169
168
169
169
169
170
169
171
169
172
169
173
169
174
169
175
169
176
169
177
169
178
169
179
169
180
169
181
169
182
169
183
169
184
169
185
169
186
169
187
169
188
169
189
169
190
169
191
169
192
169
193
169
194
169
195
169
196
169
197
169
198
169
199
169
200
169
201
169
202
169
203
169
204
169
205
169
206
169
207
169
208
169
209
169
210
169
211
169
212
169
213
169
214
169
215
169
216
169
217
169
218
169
219
169
220
169
221
169
222
169
223
169
224
169
225
169
226
169
227
169
228
169
229
169
230
169
231
169
232
169
233
169
234
169
235
169
236
169
237
169
238
169
239
177
237
177
238
177
239
177
240
177
241
177
242
177
243
177
244
177
245
177
246
177
247
177
248
177
249
177
250
177
251
lenth :188
